7118900 415119
53000 872
72800 1092
47300 1098
42800 1039
36600 1110
33200 866
37900 1067
26700 733
34500 1106
28200 869
31600 1072
38400 1021
38500 881
27600 769
32900 1042
29800 899
37400 1221
31400 983
36500 1188
34400 1136
36600 1191
28600 954
39000 1164
33800 828
37700 1192
33700 1148
30100 965
19600 579
31200 959
34700 1119
20200 545
29800 1051
32300 931
26800 1145
24500 1156
22800 1102
22600 962
22800 1110
19100 876
23100 1058
23700 1151
16400 732
31200 1135
22300 1075
19200 870
22900 1097
22200 703
23900 997
29600 1192
25000 1157
19400 701
24100 1117
21000 976
23400 1121
21700 940
26500 1060
46300 1159
28000 1128
23600 1132
35100 1082
33300 1138
24900 1104
23100 1096
23100 1018
21400 973
23400 1127
22000 946
22700 1073
23400 1135
25700 1098
23500 1102
22700 1032
29800 1135
21400 1095
22700 1105
21000 1043
22700 1102
21900 1062
22400 1075
32400 958
21700 995
24100 1149
20300 965
20000 915
23500 1163
22600 1124
23500 1128
23300 1061
19600 972
22400 1126
18600 868
21500 1080
26000 1136
24100 1105
22400 1099
17200 624
24700 1175
19500 927
19200 872
22400 1082
23300 1138
23000 1100
38100 907
31900 1038
26000 1141
23300 1103
27300 1105
23400 1054
23900 1096
29300 1068
22500 1069
20600 972
23900 1169
20100 935
26800 1146
22100 1081
25100 1137
22100 1091
18800 839
23000 1034
23400 1134
19100 891
22600 1099
21500 1050
19100 906
22000 1067
22900 1072
20500 990
22400 1136
22400 1085
27500 1091
18900 852
18000 839
21800 1069
17200 818
21000 1001
22000 1093
18900 805
22300 1077
21100 1024
21900 1070
18200 837
14900 651
17500 721
25300 1196
23600 1160
23400 1155
19700 911
24700 1170
18700 859
18200 869
20500 867
27800 896
23400 1118
22900 1133
19900 881
22700 1133
19500 893
22200 1089
21900 1022
23000 1153
23400 1128
23900 1135
21500 1080
19700 932
18000 837
22900 1104
21300 1027
19700 943
19400 889
23400 1103
17900 849
49200 1112
27400 1057
31700 1079
24600 973
16700 705
25100 1126
150900 1130
70600 1081
9800 1130
6700 897
6300 841
11500 1032
9200 1134
14400 1093
7300 1094
5400 786
7100 1110
7400 1067
6300 1074
16900 988
9700 1124
7900 898
9400 1111
4800 594
5600 906
4600 872
6000 1066
5700 1002
6900 1102
6200 1062
6200 1081
6600 1019
6800 1071
6300 836
7700 837
6800 926
4500 894
4500 1122
5000 1135
4500 1070
4000 1127
4100 1099
3900 1100
3800 1030
5000 1136
4600 1094
4100 1103
3700 853
3700 846
4300 1067
2700 483
4300 991
3800 1124
4200 1090
8100 1101
3700 1044
3600 914
4000 1068
3000 547
3300 1003
3600 1099
4100 1062
4600 1078
3600 1015
3600 1081
3900 1035
5900 1042
3400 945
3900 932
3800 1090
16600 1110
5500 1049
4900 1099
5200 1064
4100 870
3800 995
4900 1106
4400 1062
3700 811
6700 1018
13000 1077
4400 1036
8600 779
3600 961
4300 1104
3800 1071
3900 1072
3500 1015
3700 882
3700 1034
4000 1048
3600 965
3900 1077
3500 1039
4200 842
2700 723
4000 1050
5900 1010
3200 1004
2700 595
4300 1032
3700 1177
3400 1000
3200 746
4100 1193
3800 1154
5000 1165
4400 1094
4500 1197
3900 1153
4500 967
2800 715
4100 1168
3900 1122
3300 1128
3400 853
3600 1183
3800 1144
4000 1166
3700 1103
13100 964
3900 1125
3400 1131
3000 733
3600 839
3800 1126
4100 934
2900 686
3900 1129
4000 1092
4000 1104
2400 544
4800 1196
5800 1162
5500 964
3800 783
4000 1159
4400 1138
3400 1130
5000 1071
5700 974
3600 1119
3600 937
3500 1069
2600 673
3800 1095
3900 1105
45500 1020
7600 970
6400 1124
5000 932
4000 744
5000 741
6800 1098
6000 1111
6000 1044
6000 1143
6200 1095
14200 1111
5200 1055
6200 1108
5400 1059
5800 1078
5100 955
6500 1192
6200 1158
5900 1165
5500 1106
6300 1165
5400 1119
5200 1138
5800 1069
8400 1150
5400 1123
9800 1132
5900 884
6200 1134
5000 769
6300 1102
5500 1013
6200 1161
4900 733
5400 1135
6700 751
5500 1130
5900 1099
5800 1099
4400 640
5500 1138
4200 891
6600 1108
7000 1051
5500 1099
5000 1056
5700 1074
3200 450
6500 1165
5600 1128
4300 805
5300 1078
5600 1137
5800 1092
3900 705
4800 1029
4900 1131
4700 900
5700 1098
4800 850
4400 903
5900 1064
4600 1071
5100 987
5900 1122
4500 892
5400 1103
6200 849
4500 775
5100 1064
5800 1076
3900 802
4000 704
5200 872
5800 1067
4000 681
5400 1070
5300 1036
7500 1042
2800 522
6200 1198
5700 1148
6200 1159
6500 1102
5700 1165
4400 1122
4100 806
4900 1070
5600 1163
5500 1126
5100 1133
4000 886
4600 1134
26200 1096
6000 911
3400 1018
3700 1166
3900 1130
3200 810
3500 1079
3800 1139
3600 1090
3400 1100
3300 1023
3300 927
3600 897
3400 1102
3300 1042
4500 1098
2200 533
4900 1072
2800 775
2900 824
4600 1129
3600 1137
2800 1081
4500 1132
3400 1095
3200 1110
2800 834
3900 1133
3300 771
3200 1105
3400 1052
3700 1110
3700 869
3600 1074
12100 788
3600 1132
4700 1097
3100 1095
3000 849
2900 906
3100 1061
3700 880
2600 997
4200 896
2600 863
3100 1065
3600 1018
3300 872
2900 705
2800 1041
15200 930
4500 1170
3800 1130
4200 1136
3700 885
4100 936
3600 1087
3300 899
3500 843
3400 1129
5400 1101
3700 1105
3300 1043
3900 1105
3500 1059
3300 1065
3100 789
3600 804
3800 1093
4500 1103
3600 1046
3000 781
3600 1058
3500 1071
3100 1005
3800 1106
3300 742
3500 1069
3000 1015
4200 1087
3100 1034
3800 853
3600 943
3800 1142
3400 1086
5000 900
4100 1052
3900 1099
4100 1065
4200 1077
3700 813
4400 1098
5100 868
3300 745
3800 1022
3700 1063
4300 1026
3100 1045
3200 958
3800 1103
3600 1055
3500 1065
3400 1022
3600 1078
3500 1026
3600 1042
3700 975
3000 1069
4500 1043
3700 847
3500 985
3200 842
2800 676
3500 1020
2400 670
4100 1191
4300 1152
3600 1163
3200 1102
3500 1163
4100 933
3300 739
3300 1063
4800 1164
4800 924
4000 1133
3900 1076
27500 1129
2900 891
3700 1108
2300 815
2300 641
3800 1122
2800 1126
3100 1078
5700 1131
3500 1098
2900 1102
3400 1032
3100 1134
4500 1106
3500 1104
3400 1052
3200 1096
3100 1074
2800 1065
2300 778
3300 1164
3200 927
4000 1138
3000 1080
3300 939
3100 1090
2900 710
3100 1033
3500 1138
4000 1084
3100 1093
2600 589
3200 1110
2200 873
2900 1081
4400 983
3400 1134
3400 1091
3800 1107
3200 1055
4300 1114
3100 1071
3100 1060
2600 994
2600 908
2900 1071
3200 1072
2900 1022
4200 1065
5600 833
4100 1047
2500 732
3900 1158
3600 1128
3500 1128
3000 888
3200 1137
3900 1098
3600 1120
3100 1033
5000 1137
21800 901
2200 710
3200 856
3500 1101
2700 1063
3000 678
2900 991
4500 1124
7800 1091
3200 1098
3300 1042
3100 915
3200 1058
4200 1077
3300 1000
4100 707
12000 1074
4000 1066
4700 1019
4100 1066
5800 1041
7200 1039
2800 950
3500 1136
2900 1096
3300 1109
3800 1055
2700 1096
2700 1062
3000 1075
3000 996
2700 1094
3500 869
2900 1075
3200 1018
3200 1077
2900 839
2800 1044
2400 955
3000 1102
3900 674
3000 1071
3500 1027
3800 1075
3500 1032
2100 1042
2500 978
3300 1075
2800 1028
3000 1037
3300 996
4800 1043
2200 1000
3200 1016
2500 887
3500 1152
12400 1116
4000 1120
3700 1077
6300 1137
3600 1097
3500 909
3100 1024
2400 670
3300 1094
3100 1102
3100 1043
2700 1102
3500 1064
2500 867
2700 980
2100 602
2600 899
3200 1107
3100 1046
3500 1096
3200 1062
2600 1069
2500 1003
3300 1102
2500 1056
2800 1069
2900 1012
3200 1069
2500 1026
2600 1045
2400 942
3400 1140
3300 1089
2700 1098
3200 853
2600 1095
2800 860
2600 876
2600 999
2800 1103
2200 606
2300 1073
2500 1016
2900 1073
2800 1033
3500 1043
2200 952
2800 1103
2800 1060
2800 1070
2700 1022
2900 1069
4500 1035
2900 1039
2600 969
2800 1071
2800 837
3300 1044
1900 530
3100 1037
2400 997
2400 1007
2200 892
3500 1141
2300 1089
2700 1105
3900 1044
2100 574
3200 1065
3000 1069
3000 1003
3000 1104
2300 865
3000 1070
2900 1013
3600 1070
3200 1033
3900 1049
2400 956
3100 1096
2600 1068
2700 1068
3200 828
2800 1064
3100 1033
2900 1049
2400 971
2700 1065
2600 1035
2700 1043
2200 976
2500 845
3000 997
2800 1016
3000 910
3000 1105
2700 1058
2500 874
2500 1013
2400 866
2500 1033
2800 1042
1800 773
3000 1073
2100 1032
2700 1037
2300 990
2600 1031
2600 1003
2400 1016
2500 931
2700 1067
2700 1030
3300 1040
2200 981
4000 1046
3100 1002
3200 998
2000 943
2500 1032
4300 811
4900 1007
3000 954
4100 1013
4800 967
16000 989
5500 808
6500 960
6700 1182
5300 1180
5100 1137
5100 1185
5500 1151
6000 1167
4600 1088
5100 1187
5000 1154
5700 1161
5600 1113
4800 898
11500 1129
5300 1122
5000 1049
5400 860
5000 1151
3900 765
5600 1105
3500 636
5900 1127
5000 1121
3200 728
4800 1156
4700 1117
5100 1126
2900 620
5200 1128
5000 1088
4700 1097
2800 609
5100 1198
3500 693
5900 1152
5000 1108
4500 832
5000 1128
4700 1129
3900 1063
4100 900
6200 1124
5100 1139
4400 1086
4900 1121
5000 1093
6200 1106
5000 1011
4200 1159
5000 1120
4400 1136
4700 1083
4900 1136
4200 1093
6600 1103
4500 1034
4100 866
4800 1091
3200 773
4500 1052
4400 1101
3400 739
4600 1072
4100 957
3900 929
7100 1150
4000 770
4900 1094
2900 504
4500 1123
5200 1133
4800 1069
5100 1159
5300 1123
4600 1120
3400 551
6900 1127
3300 765
5300 1105
4600 1020
5100 1168
3900 1119
4500 868
4200 1084
4400 1124
3500 697
4000 774
7200 1036
4900 1132
4300 1095
4300 1105
4700 1054
5200 1109
4200 665
5100 1073
2900 641
5400 1162
4900 1113
6300 866
4000 1078
3600 860
7800 1085
4400 1101
4100 1022
4600 1129
3400 761
4500 1100
2100 645
5600 1106
6900 1059
2300 479
3600 985
4900 1131
5300 1090
3800 774
4200 1042
4700 1104
4100 1063
2700 681
3500 992
6700 1100
4300 1054
3600 682
1600 297
12500 1072
5500 1031
3200 716
3600 905
4600 870
5300 1146
5100 1160
6000 775
5000 1161
4900 1117
4300 871
3500 1055
3600 697
4700 1120
4700 1134
4500 1075
4600 1131
4900 1100
6800 1097
3400 749
4600 1150
3700 1113
5100 1129
5200 1075
2800 606
3800 820
4900 1104
4000 1035
4500 1135
6900 1092
4400 1102
4100 1048
3800 1096
4500 1056
3800 1068
3100 707
3900 833
3800 1113
3800 1124
4300 1077
5000 678
3500 504
3700 1090
4000 1038
3300 1129
5300 1092
4200 1107
3800 720
4700 1111
4200 1062
4700 1076
3900 988
4700 1124
3700 1093
4400 1103
4000 1037
3300 839
3300 734
4100 1061
3900 1000
3800 1096
4800 1054
3800 1064
4400 1019
5600 1076
3800 1033
6100 1049
3800 926
5400 1151
4000 1120
4700 1124
4300 1077
4300 1128
4100 1091
6500 1092
5500 1033
4100 1126
4300 1092
4700 1105
4800 1055
4100 1106
4000 1063
3800 1058
3300 982
3300 1130
4000 1091
3100 830
3000 717
4400 1105
4700 1054
4400 1067
