100 1869 0 3618
118 2598 0 5082
136 3431 0 6701
154 4417 0 8608
172 5507 0 10708
190 6642 0 12992
208 8005 0 15681
226 9462 0 18551
244 10984 1 21517
262 12687 1 25100
280 14410 1 28479
298 16389 1 32284
316 18439 1 36351
334 20590 1 40686
352 22877 1 45124
370 25342 2 50216
388 27783 2 54792
406 30504 2 60316
424 33233 2 65891
442 36068 3 71627
460 39086 3 77628
478 42164 3 83345
496 45414 3 90228
514 48808 4 96616
532 52140 4 103587
550 55571 4 109741
568 59510 4 117167
586 63118 5 125140
604 67261 5 133321
622 71403 5 141963
640 75199 6 149427
658 79991 6 158773
676 84143 7 166958
694 88862 7 176379
712 93396 7 185807
730 98221 8 194914
748 103110 8 205381
766 108307 9 215132
784 113387 12 225725
802 118805 11 236282
820 124238 12 247264
838 128636 13 256384
856 134525 15 267161
874 140513 14 280026
892 146908 14 291000
910 152567 14 302618
928 158918 17 315950
946 165058 15 328954
964 171401 20 340896
982 177470 20 352631
1000 184617 68 367276
